12 11 4
1920  0  0  0  0  0  0  0  2016  0  254  0  
1920  0  0  0  0  0  0  0  2016  0  254  1024  
1920  0  0  0  0  0  0  0  2016  0  254  1536  
1920  0  0  0  0  0  0  0  2016  0  254  1792  
1920  0  0  0  0  0  0  0  2016  0  254  1920  
1920  15  0  0  60  0  0  0  2016  0  0  0  
1920  15  0  0  60  0  0  0  2016  0  0  1024  
1920  15  0  0  60  0  0  0  2016  0  0  1536  
1920  15  0  0  60  0  0  0  2016  0  0  1792  
1920  15  0  0  60  0  0  0  2016  0  0  1920  
1976  0  0  0  60  0  0  0  2016  0  0  0  
1976  0  0  0  60  0  0  0  2016  0  0  1024  
1976  0  0  0  60  0  0  0  2016  0  0  1536  
1976  0  0  0  60  0  0  0  2016  0  0  1792  
1976  0  0  0  60  0  0  0  2016  0  0  1920  
1920  0  254  0  60  0  0  0  2016  0  0  0  
1920  0  254  0  60  0  0  0  2016  0  0  1024  
1920  0  254  0  60  0  0  0  2016  0  0  1536  
1920  0  254  0  60  0  0  0  2016  0  0  1792  
1920  0  254  0  60  0  0  0  2016  0  0  1920  
1920  2016  0  0  60  0  0  0  2016  0  0  0  
1920  2016  0  0  60  0  0  0  2016  0  0  1024  
1920  2016  0  0  60  0  0  0  2016  0  0  1536  
1920  2016  0  0  60  0  0  0  2016  0  0  1792  
1920  2016  0  0  60  0  0  0  2016  0  0  1920  
1920  2031  0  0  60  0  0  0  2016  0  0  0  
1920  2031  0  0  60  0  0  0  2016  0  0  1024  
1920  2031  0  0  60  0  0  0  2016  0  0  1536  
1920  2031  0  0  60  0  0  0  2016  0  0  1792  
1920  2031  0  0  60  0  0  0  2016  0  0  1920  
1920  0  0  1920  60  0  0  0  2016  0  0  0  
1920  0  0  1920  60  0  0  0  2016  0  0  1024  
1920  0  0  1920  60  0  0  0  2016  0  0  1536  
1920  0  0  1920  60  0  0  0  2016  0  0  1792  
1920  0  0  1920  60  0  0  0  2016  0  0  1920  
1920  2031  0  0  6  0  0  56  0  0  0  0  
1920  2031  0  0  6  0  0  56  0  0  0  1024  
1920  2031  0  0  6  0  0  56  0  0  0  1536  
1920  2031  0  0  6  0  0  56  0  0  0  1792  
1920  2031  0  0  6  0  0  56  0  0  0  1920  
1920  2016  0  0  6  0  0  56  0  0  0  0  
1920  2016  0  0  6  0  0  56  0  0  0  1024  
1920  2016  0  0  6  0  0  56  0  0  0  1536  
1920  2016  0  0  6  0  0  56  0  0  0  1792  
1920  2016  0  0  6  0  0  56  0  0  0  1920  
1920  0  254  0  6  0  0  56  0  0  0  0  
1920  0  254  0  6  0  0  56  0  0  0  1024  
1920  0  254  0  6  0  0  56  0  0  0  1536  
1920  0  254  0  6  0  0  56  0  0  0  1792  
1920  0  254  0  6  0  0  56  0  0  0  1920  
1976  0  0  0  6  0  0  56  0  0  0  0  
1976  0  0  0  6  0  0  56  0  0  0  1024  
1976  0  0  0  6  0  0  56  0  0  0  1536  
1976  0  0  0  6  0  0  56  0  0  0  1792  
1976  0  0  0  6  0  0  56  0  0  0  1920  
1920  15  0  0  6  0  0  56  0  0  0  0  
1920  15  0  0  6  0  0  56  0  0  0  1024  
1920  15  0  0  6  0  0  56  0  0  0  1536  
1920  15  0  0  6  0  0  56  0  0  0  1792  
1920  15  0  0  6  0  0  56  0  0  0  1920  
1920  0  0  0  0  0  0  56  0  0  254  0  
1920  0  0  0  0  0  0  56  0  0  254  1024  
1920  0  0  0  0  0  0  56  0  0  254  1536  
1920  0  0  0  0  0  0  56  0  0  254  1792  
1920  0  0  0  0  0  0  56  0  0  254  1920  
1920  15  0  0  60  0  0  56  0  0  0  0  
1920  15  0  0  60  0  0  56  0  0  0  1024  
1920  15  0  0  60  0  0  56  0  0  0  1536  
1920  15  0  0  60  0  0  56  0  0  0  1792  
1920  15  0  0  60  0  0  56  0  0  0  1920  
1976  0  0  0  60  0  0  56  0  0  0  0  
1976  0  0  0  60  0  0  56  0  0  0  1024  
1976  0  0  0  60  0  0  56  0  0  0  1536  
1976  0  0  0  60  0  0  56  0  0  0  1792  
1976  0  0  0  60  0  0  56  0  0  0  1920  
1920  0  254  0  60  0  0  56  0  0  0  0  
1920  0  254  0  60  0  0  56  0  0  0  1024  
1920  0  254  0  60  0  0  56  0  0  0  1536  
1920  0  254  0  60  0  0  56  0  0  0  1792  
1920  0  254  0  60  0  0  56  0  0  0  1920  
1920  2016  0  0  60  0  0  56  0  0  0  0  
1920  2016  0  0  60  0  0  56  0  0  0  1024  
1920  2016  0  0  60  0  0  56  0  0  0  1536  
1920  2016  0  0  60  0  0  56  0  0  0  1792  
1920  2016  0  0  60  0  0  56  0  0  0  1920  
1920  2031  0  0  60  0  0  56  0  0  0  0  
1920  2031  0  0  60  0  0  56  0  0  0  1024  
1920  2031  0  0  60  0  0  56  0  0  0  1536  
1920  2031  0  0  60  0  0  56  0  0  0  1792  
1920  2031  0  0  60  0  0  56  0  0  0  1920  
1920  0  0  1920  60  0  0  56  0  0  0  0  
1920  0  0  1920  60  0  0  56  0  0  0  1024  
1920  0  0  1920  60  0  0  56  0  0  0  1536  
1920  0  0  1920  60  0  0  56  0  0  0  1792  
1920  0  0  1920  60  0  0  56  0  0  0  1920  
1920  2031  0  0  6  0  0  224  0  0  0  0  
1920  2031  0  0  6  0  0  224  0  0  0  1024  
1920  2031  0  0  6  0  0  224  0  0  0  1536  
1920  2031  0  0  6  0  0  224  0  0  0  1792  
1920  2031  0  0  6  0  0  224  0  0  0  1920  
1920  2016  0  0  6  0  0  224  0  0  0  0  
1920  2016  0  0  6  0  0  224  0  0  0  1024  
1920  2016  0  0  6  0  0  224  0  0  0  1536  
1920  2016  0  0  6  0  0  224  0  0  0  1792  
1920  2016  0  0  6  0  0  224  0  0  0  1920  
1920  0  254  0  6  0  0  224  0  0  0  0  
1920  0  254  0  6  0  0  224  0  0  0  1024  
1920  0  254  0  6  0  0  224  0  0  0  1536  
1920  0  254  0  6  0  0  224  0  0  0  1792  
1920  0  254  0  6  0  0  224  0  0  0  1920  
1976  0  0  0  6  0  0  224  0  0  0  0  
1976  0  0  0  6  0  0  224  0  0  0  1024  
1976  0  0  0  6  0  0  224  0  0  0  1536  
1976  0  0  0  6  0  0  224  0  0  0  1792  
1976  0  0  0  6  0  0  224  0  0  0  1920  
1920  15  0  0  6  0  0  224  0  0  0  0  
1920  15  0  0  6  0  0  224  0  0  0  1024  
1920  15  0  0  6  0  0  224  0  0  0  1536  
1920  15  0  0  6  0  0  224  0  0  0  1792  
1920  15  0  0  6  0  0  224  0  0  0  1920  
1920  0  0  0  0  0  0  224  0  0  254  0  
1920  0  0  0  0  0  0  224  0  0  254  1024  
1920  0  0  0  0  0  0  224  0  0  254  1536  
1920  0  0  0  0  0  0  224  0  0  254  1792  
1920  0  0  0  0  0  0  224  0  0  254  1920  
1920  15  0  0  60  0  0  224  0  0  0  0  
1920  15  0  0  60  0  0  224  0  0  0  1024  
1920  15  0  0  60  0  0  224  0  0  0  1536  
1920  15  0  0  60  0  0  224  0  0  0  1792  
1920  15  0  0  60  0  0  224  0  0  0  1920  
1976  0  0  0  60  0  0  224  0  0  0  0  
1976  0  0  0  60  0  0  224  0  0  0  1024  
1976  0  0  0  60  0  0  224  0  0  0  1536  
1976  0  0  0  60  0  0  224  0  0  0  1792  
1976  0  0  0  60  0  0  224  0  0  0  1920  
1920  0  254  0  60  0  0  224  0  0  0  0  
1920  0  254  0  60  0  0  224  0  0  0  1024  
1920  0  254  0  60  0  0  224  0  0  0  1536  
1920  0  254  0  60  0  0  224  0  0  0  1792  
1920  0  254  0  60  0  0  224  0  0  0  1920  
1920  2016  0  0  60  0  0  224  0  0  0  0  
1920  2016  0  0  60  0  0  224  0  0  0  1024  
1920  2016  0  0  60  0  0  224  0  0  0  1536  
1920  2016  0  0  60  0  0  224  0  0  0  1792  
1920  2016  0  0  60  0  0  224  0  0  0  1920  
1920  2031  0  0  60  0  0  224  0  0  0  0  
1920  2031  0  0  60  0  0  224  0  0  0  1024  
1920  2031  0  0  60  0  0  224  0  0  0  1536  
1920  2031  0  0  60  0  0  224  0  0  0  1792  
1920  2031  0  0  60  0  0  224  0  0  0  1920  
1920  0  0  1920  60  0  0  224  0  0  0  0  
1920  0  0  1920  60  0  0  224  0  0  0  1024  
1920  0  0  1920  60  0  0  224  0  0  0  1536  
1920  0  0  1920  60  0  0  224  0  0  0  1792  
1920  0  0  1920  60  0  0  224  0  0  0  1920  
1920  2031  0  0  6  1984  0  0  0  0  0  0  
1920  2031  0  0  6  1984  0  0  0  0  0  1024  
1920  2031  0  0  6  1984  0  0  0  0  0  1536  
1920  2031  0  0  6  1984  0  0  0  0  0  1792  
1920  2031  0  0  6  1984  0  0  0  0  0  1920  
1920  2016  0  0  6  1984  0  0  0  0  0  0  
1920  2016  0  0  6  1984  0  0  0  0  0  1024  
1920  2016  0  0  6  1984  0  0  0  0  0  1536  
1920  2016  0  0  6  1984  0  0  0  0  0  1792  
1920  2016  0  0  6  1984  0  0  0  0  0  1920  
1920  0  254  0  6  1984  0  0  0  0  0  0  
1920  0  254  0  6  1984  0  0  0  0  0  1024  
1920  0  254  0  6  1984  0  0  0  0  0  1536  
1920  0  254  0  6  1984  0  0  0  0  0  1792  
1920  0  254  0  6  1984  0  0  0  0  0  1920  
1976  0  0  0  6  1984  0  0  0  0  0  0  
1976  0  0  0  6  1984  0  0  0  0  0  1024  
1976  0  0  0  6  1984  0  0  0  0  0  1536  
1976  0  0  0  6  1984  0  0  0  0  0  1792  
1976  0  0  0  6  1984  0  0  0  0  0  1920  
1920  15  0  0  6  1984  0  0  0  0  0  0  
1920  15  0  0  6  1984  0  0  0  0  0  1024  
1920  15  0  0  6  1984  0  0  0  0  0  1536  
1920  15  0  0  6  1984  0  0  0  0  0  1792  
1920  15  0  0  6  1984  0  0  0  0  0  1920  
1920  0  0  0  0  1984  0  0  0  0  254  0  
1920  0  0  0  0  1984  0  0  0  0  254  1024  
1920  0  0  0  0  1984  0  0  0  0  254  1536  
1920  0  0  0  0  1984  0  0  0  0  254  1792  
1920  0  0  0  0  1984  0  0  0  0  254  1920  
1920  15  0  0  60  1984  0  0  0  0  0  0  
1920  15  0  0  60  1984  0  0  0  0  0  1024  
1920  15  0  0  60  1984  0  0  0  0  0  1536  
1920  15  0  0  60  1984  0  0  0  0  0  1792  
1920  15  0  0  60  1984  0  0  0  0  0  1920  
1976  0  0  0  60  1984  0  0  0  0  0  0  
1976  0  0  0  60  1984  0  0  0  0  0  1024  
1976  0  0  0  60  1984  0  0  0  0  0  1536  
1976  0  0  0  60  1984  0  0  0  0  0  1792  
1976  0  0  0  60  1984  0  0  0  0  0  1920  
1920  0  254  0  60  1984  0  0  0  0  0  0  
1920  0  254  0  60  1984  0  0  0  0  0  1024  
1920  0  254  0  60  1984  0  0  0  0  0  1536  
1920  0  254  0  60  1984  0  0  0  0  0  1792  
1920  0  254  0  60  1984  0  0  0  0  0  1920  
1920  2016  0  0  60  1984  0  0  0  0  0  0  
1920  2016  0  0  60  1984  0  0  0  0  0  1024  
1920  2016  0  0  60  1984  0  0  0  0  0  1536  
1920  2016  0  0  60  1984  0  0  0  0  0  1792  
1920  2016  0  0  60  1984  0  0  0  0  0  1920  
1920  2031  0  0  60  1984  0  0  0  0  0  0  
1920  2031  0  0  60  1984  0  0  0  0  0  1024  
1920  2031  0  0  60  1984  0  0  0  0  0  1536  
1920  2031  0  0  60  1984  0  0  0  0  0  1792  
1920  2031  0  0  60  1984  0  0  0  0  0  1920  
1920  0  0  1920  60  1984  0  0  0  0  0  0  
1920  0  0  1920  60  1984  0  0  0  0  0  1024  
1920  0  0  1920  60  1984  0  0  0  0  0  1536  
1920  0  0  1920  60  1984  0  0  0  0  0  1792  
1920  0  0  1920  60  1984  0  0  0  0  0  1920  
1920  2031  0  0  6  60  0  0  0  0  0  0  
1920  2031  0  0  6  60  0  0  0  0  0  1024  
1920  2031  0  0  6  60  0  0  0  0  0  1536  
1920  2031  0  0  6  60  0  0  0  0  0  1792  
1920  2031  0  0  6  60  0  0  0  0  0  1920  
1920  2016  0  0  6  60  0  0  0  0  0  0  
1920  2016  0  0  6  60  0  0  0  0  0  1024  
1920  2016  0  0  6  60  0  0  0  0  0  1536  
1920  2016  0  0  6  60  0  0  0  0  0  1792  
1920  2016  0  0  6  60  0  0  0  0  0  1920  
1920  0  254  0  6  60  0  0  0  0  0  0  
1920  0  254  0  6  60  0  0  0  0  0  1024  
1920  0  254  0  6  60  0  0  0  0  0  1536  
1920  0  254  0  6  60  0  0  0  0  0  1792  
1920  0  254  0  6  60  0  0  0  0  0  1920  
1976  0  0  0  6  60  0  0  0  0  0  0  
1976  0  0  0  6  60  0  0  0  0  0  1024  
1976  0  0  0  6  60  0  0  0  0  0  1536  
1976  0  0  0  6  60  0  0  0  0  0  1792  
1976  0  0  0  6  60  0  0  0  0  0  1920  
1920  15  0  0  6  60  0  0  0  0  0  0  
1920  15  0  0  6  60  0  0  0  0  0  1024  
1920  15  0  0  6  60  0  0  0  0  0  1536  
1920  15  0  0  6  60  0  0  0  0  0  1792  
1920  15  0  0  6  60  0  0  0  0  0  1920  
1920  0  0  0  0  60  0  0  0  0  254  0  
1920  0  0  0  0  60  0  0  0  0  254  1024  
1920  0  0  0  0  60  0  0  0  0  254  1536  
1920  0  0  0  0  60  0  0  0  0  254  1792  
1920  0  0  0  0  60  0  0  0  0  254  1920  
1920  15  0  0  60  60  0  0  0  0  0  0  
1920  15  0  0  60  60  0  0  0  0  0  1024  
1920  15  0  0  60  60  0  0  0  0  0  1536  
1920  15  0  0  60  60  0  0  0  0  0  1792  
1920  15  0  0  60  60  0  0  0  0  0  1920  
1976  0  0  0  60  60  0  0  0  0  0  0  
1976  0  0  0  60  60  0  0  0  0  0  1024  
1976  0  0  0  60  60  0  0  0  0  0  1536  
1976  0  0  0  60  60  0  0  0  0  0  1792  
1976  0  0  0  60  60  0  0  0  0  0  1920  
1920  0  254  0  60  60  0  0  0  0  0  0  
1920  0  254  0  60  60  0  0  0  0  0  1024  
1920  0  254  0  60  60  0  0  0  0  0  1536  
1920  0  254  0  60  60  0  0  0  0  0  1792  
1920  0  254  0  60  60  0  0  0  0  0  1920  
1920  2016  0  0  60  60  0  0  0  0  0  0  
1920  2016  0  0  60  60  0  0  0  0  0  1024  
1920  2016  0  0  60  60  0  0  0  0  0  1536  
1920  2016  0  0  60  60  0  0  0  0  0  1792  
1920  2016  0  0  60  60  0  0  0  0  0  1920  
1920  2031  0  0  60  60  0  0  0  0  0  0  
1920  2031  0  0  60  60  0  0  0  0  0  1024  
1920  2031  0  0  60  60  0  0  0  0  0  1536  
1920  2031  0  0  60  60  0  0  0  0  0  1792  
1920  2031  0  0  60  60  0  0  0  0  0  1920  
1920  0  0  1920  60  60  0  0  0  0  0  0  
1920  0  0  1920  60  60  0  0  0  0  0  1024  
1920  0  0  1920  60  60  0  0  0  0  0  1536  
1920  0  0  1920  60  60  0  0  0  0  0  1792  
1920  0  0  1920  60  60  0  0  0  0  0  1920  
1920  2031  0  0  6  0  0  0  0  30  0  0  
1920  2031  0  0  6  0  0  0  0  30  0  1024  
1920  2031  0  0  6  0  0  0  0  30  0  1536  
1920  2031  0  0  6  0  0  0  0  30  0  1792  
1920  2031  0  0  6  0  0  0  0  30  0  1920  
1920  2016  0  0  6  0  0  0  0  30  0  0  
1920  2016  0  0  6  0  0  0  0  30  0  1024  
1920  2016  0  0  6  0  0  0  0  30  0  1536  
1920  2016  0  0  6  0  0  0  0  30  0  1792  
1920  2016  0  0  6  0  0  0  0  30  0  1920  
1920  0  254  0  6  0  0  0  0  30  0  0  
1920  0  254  0  6  0  0  0  0  30  0  1024  
1920  0  254  0  6  0  0  0  0  30  0  1536  
1920  0  254  0  6  0  0  0  0  30  0  1792  
1920  0  254  0  6  0  0  0  0  30  0  1920  
1976  0  0  0  6  0  0  0  0  30  0  0  
1976  0  0  0  6  0  0  0  0  30  0  1024  
1976  0  0  0  6  0  0  0  0  30  0  1536  
1976  0  0  0  6  0  0  0  0  30  0  1792  
1976  0  0  0  6  0  0  0  0  30  0  1920  
1920  15  0  0  6  0  0  0  0  30  0  0  
1920  15  0  0  6  0  0  0  0  30  0  1024  
1920  15  0  0  6  0  0  0  0  30  0  1536  
1920  15  0  0  6  0  0  0  0  30  0  1792  
1920  15  0  0  6  0  0  0  0  30  0  1920  
1920  0  0  0  0  0  0  0  0  30  254  0  
1920  0  0  0  0  0  0  0  0  30  254  1024  
1920  0  0  0  0  0  0  0  0  30  254  1536  
1920  0  0  0  0  0  0  0  0  30  254  1792  
1920  0  0  0  0  0  0  0  0  30  254  1920  
1920  15  0  0  60  0  0  0  0  30  0  0  
1920  15  0  0  60  0  0  0  0  30  0  1024  
1920  15  0  0  60  0  0  0  0  30  0  1536  
1920  15  0  0  60  0  0  0  0  30  0  1792  
1920  15  0  0  60  0  0  0  0  30  0  1920  
1976  0  0  0  60  0  0  0  0  30  0  0  
1976  0  0  0  60  0  0  0  0  30  0  1024  
1976  0  0  0  60  0  0  0  0  30  0  1536  
1976  0  0  0  60  0  0  0  0  30  0  1792  
1976  0  0  0  60  0  0  0  0  30  0  1920  
1920  0  254  0  60  0  0  0  0  30  0  0  
1920  0  254  0  60  0  0  0  0  30  0  1024  
1920  0  254  0  60  0  0  0  0  30  0  1536  
1920  0  254  0  60  0  0  0  0  30  0  1792  
1920  0  254  0  60  0  0  0  0  30  0  1920  
1920  2016  0  0  60  0  0  0  0  30  0  0  
1920  2016  0  0  60  0  0  0  0  30  0  1024  
1920  2016  0  0  60  0  0  0  0  30  0  1536  
1920  2016  0  0  60  0  0  0  0  30  0  1792  
1920  2016  0  0  60  0  0  0  0  30  0  1920  
1920  2031  0  0  60  0  0  0  0  30  0  0  
1920  2031  0  0  60  0  0  0  0  30  0  1024  
1920  2031  0  0  60  0  0  0  0  30  0  1536  
1920  2031  0  0  60  0  0  0  0  30  0  1792  
1920  2031  0  0  60  0  0  0  0  30  0  1920  
1920  0  0  1920  60  0  0  0  0  30  0  0  
1920  0  0  1920  60  0  0  0  0  30  0  1024  
1920  0  0  1920  60  0  0  0  0  30  0  1536  
1920  0  0  1920  60  0  0  0  0  30  0  1792  
1920  0  0  1920  60  0  0  0  0  30  0  1920  
1920  2031  0  0  6  0  0  1792  0  0  0  0  
1920  2031  0  0  6  0  0  1792  0  0  0  1024  
1920  2031  0  0  6  0  0  1792  0  0  0  1536  
1920  2031  0  0  6  0  0  1792  0  0  0  1792  
1920  2031  0  0  6  0  0  1792  0  0  0  1920  
1920  2016  0  0  6  0  0  1792  0  0  0  0  
1920  2016  0  0  6  0  0  1792  0  0  0  1024  
1920  2016  0  0  6  0  0  1792  0  0  0  1536  
1920  2016  0  0  6  0  0  1792  0  0  0  1792  
1920  2016  0  0  6  0  0  1792  0  0  0  1920  
1920  0  254  0  6  0  0  1792  0  0  0  0  
1920  0  254  0  6  0  0  1792  0  0  0  1024  
1920  0  254  0  6  0  0  1792  0  0  0  1536  
1920  0  254  0  6  0  0  1792  0  0  0  1792  
1920  0  254  0  6  0  0  1792  0  0  0  1920  
1976  0  0  0  6  0  0  1792  0  0  0  0  
1976  0  0  0  6  0  0  1792  0  0  0  1024  
1976  0  0  0  6  0  0  1792  0  0  0  1536  
1976  0  0  0  6  0  0  1792  0  0  0  1792  
1976  0  0  0  6  0  0  1792  0  0  0  1920  
1920  15  0  0  6  0  0  1792  0  0  0  0  
1920  15  0  0  6  0  0  1792  0  0  0  1024  
1920  15  0  0  6  0  0  1792  0  0  0  1536  
1920  15  0  0  6  0  0  1792  0  0  0  1792  
1920  15  0  0  6  0  0  1792  0  0  0  1920  
1920  0  0  0  0  0  0  1792  0  0  254  0  
1920  0  0  0  0  0  0  1792  0  0  254  1024  
1920  0  0  0  0  0  0  1792  0  0  254  1536  
1920  0  0  0  0  0  0  1792  0  0  254  1792  
1920  0  0  0  0  0  0  1792  0  0  254  1920  
1920  15  0  0  60  0  0  1792  0  0  0  0  
1920  15  0  0  60  0  0  1792  0  0  0  1024  
1920  15  0  0  60  0  0  1792  0  0  0  1536  
1920  15  0  0  60  0  0  1792  0  0  0  1792  
1920  15  0  0  60  0  0  1792  0  0  0  1920  
1976  0  0  0  60  0  0  1792  0  0  0  0  
1976  0  0  0  60  0  0  1792  0  0  0  1024  
1976  0  0  0  60  0  0  1792  0  0  0  1536  
1976  0  0  0  60  0  0  1792  0  0  0  1792  
1976  0  0  0  60  0  0  1792  0  0  0  1920  
1920  0  254  0  60  0  0  1792  0  0  0  0  
1920  0  254  0  60  0  0  1792  0  0  0  1024  
1920  0  254  0  60  0  0  1792  0  0  0  1536  
1920  0  254  0  60  0  0  1792  0  0  0  1792  
1920  0  254  0  60  0  0  1792  0  0  0  1920  
1920  2016  0  0  60  0  0  1792  0  0  0  0  
1920  2016  0  0  60  0  0  1792  0  0  0  1024  
1920  2016  0  0  60  0  0  1792  0  0  0  1536  
1920  2016  0  0  60  0  0  1792  0  0  0  1792  
1920  2016  0  0  60  0  0  1792  0  0  0  1920  
1920  2031  0  0  60  0  0  1792  0  0  0  0  
1920  2031  0  0  60  0  0  1792  0  0  0  1024  
1920  2031  0  0  60  0  0  1792  0  0  0  1536  
1920  2031  0  0  60  0  0  1792  0  0  0  1792  
1920  2031  0  0  60  0  0  1792  0  0  0  1920  
1920  0  0  1920  60  0  0  1792  0  0  0  0  
1920  0  0  1920  60  0  0  1792  0  0  0  1024  
1920  0  0  1920  60  0  0  1792  0  0  0  1536  
1920  0  0  1920  60  0  0  1792  0  0  0  1792  
1920  0  0  1920  60  0  0  1792  0  0  0  1920  
1920  2031  0  0  6  0  0  0  0  1984  0  0  
1920  2031  0  0  6  0  0  0  0  1984  0  1024  
1920  2031  0  0  6  0  0  0  0  1984  0  1536  
1920  2031  0  0  6  0  0  0  0  1984  0  1792  
1920  2031  0  0  6  0  0  0  0  1984  0  1920  
1920  2016  0  0  6  0  0  0  0  1984  0  0  
1920  2016  0  0  6  0  0  0  0  1984  0  1024  
1920  2016  0  0  6  0  0  0  0  1984  0  1536  
1920  2016  0  0  6  0  0  0  0  1984  0  1792  
1920  2016  0  0  6  0  0  0  0  1984  0  1920  
1920  0  254  0  6  0  0  0  0  1984  0  0  
1920  0  254  0  6  0  0  0  0  1984  0  1024  
1920  0  254  0  6  0  0  0  0  1984  0  1536  
1920  0  254  0  6  0  0  0  0  1984  0  1792  
1920  0  254  0  6  0  0  0  0  1984  0  1920  
1976  0  0  0  6  0  0  0  0  1984  0  0  
1976  0  0  0  6  0  0  0  0  1984  0  1024  
1976  0  0  0  6  0  0  0  0  1984  0  1536  
1976  0  0  0  6  0  0  0  0  1984  0  1792  
1976  0  0  0  6  0  0  0  0  1984  0  1920  
1920  15  0  0  6  0  0  0  0  1984  0  0  
1920  15  0  0  6  0  0  0  0  1984  0  1024  
1920  15  0  0  6  0  0  0  0  1984  0  1536  
1920  15  0  0  6  0  0  0  0  1984  0  1792  
1920  15  0  0  6  0  0  0  0  1984  0  1920  
1920  0  0  0  0  0  0  0  0  1984  254  0  
1920  0  0  0  0  0  0  0  0  1984  254  1024  
1920  0  0  0  0  0  0  0  0  1984  254  1536  
1920  0  0  0  0  0  0  0  0  1984  254  1792  
1920  0  0  0  0  0  0  0  0  1984  254  1920  
1920  15  0  0  60  0  0  0  0  1984  0  0  
1920  15  0  0  60  0  0  0  0  1984  0  1024  
1920  15  0  0  60  0  0  0  0  1984  0  1536  
1920  15  0  0  60  0  0  0  0  1984  0  1792  
1920  15  0  0  60  0  0  0  0  1984  0  1920  
1976  0  0  0  60  0  0  0  0  1984  0  0  
1976  0  0  0  60  0  0  0  0  1984  0  1024  
1976  0  0  0  60  0  0  0  0  1984  0  1536  
1976  0  0  0  60  0  0  0  0  1984  0  1792  
1976  0  0  0  60  0  0  0  0  1984  0  1920  
1920  0  254  0  60  0  0  0  0  1984  0  0  
1920  0  254  0  60  0  0  0  0  1984  0  1024  
1920  0  254  0  60  0  0  0  0  1984  0  1536  
1920  0  254  0  60  0  0  0  0  1984  0  1792  
1920  0  254  0  60  0  0  0  0  1984  0  1920  
1920  2016  0  0  60  0  0  0  0  1984  0  0  
1920  2016  0  0  60  0  0  0  0  1984  0  1024  
1920  2016  0  0  60  0  0  0  0  1984  0  1536  
1920  2016  0  0  60  0  0  0  0  1984  0  1792  
1920  2016  0  0  60  0  0  0  0  1984  0  1920  
1920  2031  0  0  60  0  0  0  0  1984  0  0  
1920  2031  0  0  60  0  0  0  0  1984  0  1024  
1920  2031  0  0  60  0  0  0  0  1984  0  1536  
1920  2031  0  0  60  0  0  0  0  1984  0  1792  
1920  2031  0  0  60  0  0  0  0  1984  0  1920  
1920  0  0  1920  60  0  0  0  0  1984  0  0  
1920  0  0  1920  60  0  0  0  0  1984  0  1024  
1920  0  0  1920  60  0  0  0  0  1984  0  1536  
1920  0  0  1920  60  0  0  0  0  1984  0  1792  
1920  0  0  1920  60  0  0  0  0  1984  0  1920  
1920  2031  0  0  6  0  0  0  62  0  0  0  
1920  2031  0  0  6  0  0  0  62  0  0  1024  
1920  2031  0  0  6  0  0  0  62  0  0  1536  
1920  2031  0  0  6  0  0  0  62  0  0  1792  
1920  2031  0  0  6  0  0  0  62  0  0  1920  
1920  2016  0  0  6  0  0  0  62  0  0  0  
1920  2016  0  0  6  0  0  0  62  0  0  1024  
1920  2016  0  0  6  0  0  0  62  0  0  1536  
1920  2016  0  0  6  0  0  0  62  0  0  1792  
1920  2016  0  0  6  0  0  0  62  0  0  1920  
1920  0  254  0  6  0  0  0  62  0  0  0  
1920  0  254  0  6  0  0  0  62  0  0  1024  
1920  0  254  0  6  0  0  0  62  0  0  1536  
1920  0  254  0  6  0  0  0  62  0  0  1792  
1920  0  254  0  6  0  0  0  62  0  0  1920  
1976  0  0  0  6  0  0  0  62  0  0  0  
1976  0  0  0  6  0  0  0  62  0  0  1024  
1976  0  0  0  6  0  0  0  62  0  0  1536  
1976  0  0  0  6  0  0  0  62  0  0  1792  
1976  0  0  0  6  0  0  0  62  0  0  1920  
1920  15  0  0  6  0  0  0  62  0  0  0  
1920  15  0  0  6  0  0  0  62  0  0  1024  
1920  15  0  0  6  0  0  0  62  0  0  1536  
1920  15  0  0  6  0  0  0  62  0  0  1792  
1920  15  0  0  6  0  0  0  62  0  0  1920  
1920  0  0  0  0  0  0  0  62  0  254  0  
1920  0  0  0  0  0  0  0  62  0  254  1024  
1920  0  0  0  0  0  0  0  62  0  254  1536  
1920  0  0  0  0  0  0  0  62  0  254  1792  
1920  0  0  0  0  0  0  0  62  0  254  1920  
1920  15  0  0  60  0  0  0  62  0  0  0  
1920  15  0  0  60  0  0  0  62  0  0  1024  
1920  15  0  0  60  0  0  0  62  0  0  1536  
1920  15  0  0  60  0  0  0  62  0  0  1792  
1920  15  0  0  60  0  0  0  62  0  0  1920  
1976  0  0  0  60  0  0  0  62  0  0  0  
1976  0  0  0  60  0  0  0  62  0  0  1024  
1976  0  0  0  60  0  0  0  62  0  0  1536  
1976  0  0  0  60  0  0  0  62  0  0  1792  
1976  0  0  0  60  0  0  0  62  0  0  1920  
1920  0  254  0  60  0  0  0  62  0  0  0  
1920  0  254  0  60  0  0  0  62  0  0  1024  
1920  0  254  0  60  0  0  0  62  0  0  1536  
1920  0  254  0  60  0  0  0  62  0  0  1792  
1920  0  254  0  60  0  0  0  62  0  0  1920  
1920  2016  0  0  60  0  0  0  62  0  0  0  
1920  2016  0  0  60  0  0  0  62  0  0  1024  
1920  2016  0  0  60  0  0  0  62  0  0  1536  
1920  2016  0  0  60  0  0  0  62  0  0  1792  
1920  2016  0  0  60  0  0  0  62  0  0  1920  
1920  2031  0  0  60  0  0  0  62  0  0  0  
1920  2031  0  0  60  0  0  0  62  0  0  1024  
1920  2031  0  0  60  0  0  0  62  0  0  1536  
1920  2031  0  0  60  0  0  0  62  0  0  1792  
1920  2031  0  0  60  0  0  0  62  0  0  1920  
1920  0  0  1920  60  0  0  0  62  0  0  0  
1920  0  0  1920  60  0  0  0  62  0  0  1024  
1920  0  0  1920  60  0  0  0  62  0  0  1536  
1920  0  0  1920  60  0  0  0  62  0  0  1792  
1920  0  0  1920  60  0  0  0  62  0  0  1920  
1920  2031  0  0  6  0  30  0  0  0  0  0  
1920  2031  0  0  6  0  30  0  0  0  0  1024  
1920  2031  0  0  6  0  30  0  0  0  0  1536  
1920  2031  0  0  6  0  30  0  0  0  0  1792  
1920  2031  0  0  6  0  30  0  0  0  0  1920  
1920  2016  0  0  6  0  30  0  0  0  0  0  
1920  2016  0  0  6  0  30  0  0  0  0  1024  
1920  2016  0  0  6  0  30  0  0  0  0  1536  
1920  2016  0  0  6  0  30  0  0  0  0  1792  
1920  2016  0  0  6  0  30  0  0  0  0  1920  
1920  0  254  0  6  0  30  0  0  0  0  0  
1920  0  254  0  6  0  30  0  0  0  0  1024  
1920  0  254  0  6  0  30  0  0  0  0  1536  
1920  0  254  0  6  0  30  0  0  0  0  1792  
1920  0  254  0  6  0  30  0  0  0  0  1920  
1976  0  0  0  6  0  30  0  0  0  0  0  
1976  0  0  0  6  0  30  0  0  0  0  1024  
1976  0  0  0  6  0  30  0  0  0  0  1536  
1976  0  0  0  6  0  30  0  0  0  0  1792  
1976  0  0  0  6  0  30  0  0  0  0  1920  
1920  15  0  0  6  0  30  0  0  0  0  0  
1920  15  0  0  6  0  30  0  0  0  0  1024  
1920  15  0  0  6  0  30  0  0  0  0  1536  
1920  15  0  0  6  0  30  0  0  0  0  1792  
1920  15  0  0  6  0  30  0  0  0  0  1920  
1920  0  0  0  0  0  30  0  0  0  254  0  
1920  0  0  0  0  0  30  0  0  0  254  1024  
1920  0  0  0  0  0  30  0  0  0  254  1536  
1920  0  0  0  0  0  30  0  0  0  254  1792  
1920  0  0  0  0  0  30  0  0  0  254  1920  
1920  15  0  0  60  0  30  0  0  0  0  0  
1920  15  0  0  60  0  30  0  0  0  0  1024  
1920  15  0  0  60  0  30  0  0  0  0  1536  
1920  15  0  0  60  0  30  0  0  0  0  1792  
1920  15  0  0  60  0  30  0  0  0  0  1920  
1976  0  0  0  60  0  30  0  0  0  0  0  
1976  0  0  0  60  0  30  0  0  0  0  1024  
1976  0  0  0  60  0  30  0  0  0  0  1536  
1976  0  0  0  60  0  30  0  0  0  0  1792  
1976  0  0  0  60  0  30  0  0  0  0  1920  
1920  0  254  0  60  0  30  0  0  0  0  0  
1920  0  254  0  60  0  30  0  0  0  0  1024  
1920  0  254  0  60  0  30  0  0  0  0  1536  
1920  0  254  0  60  0  30  0  0  0  0  1792  
1920  0  254  0  60  0  30  0  0  0  0  1920  
1920  2016  0  0  60  0  30  0  0  0  0  0  
1920  2016  0  0  60  0  30  0  0  0  0  1024  
1920  2016  0  0  60  0  30  0  0  0  0  1536  
1920  2016  0  0  60  0  30  0  0  0  0  1792  
1920  2016  0  0  60  0  30  0  0  0  0  1920  
1920  2031  0  0  60  0  30  0  0  0  0  0  
1920  2031  0  0  60  0  30  0  0  0  0  1024  
1920  2031  0  0  60  0  30  0  0  0  0  1536  
1920  2031  0  0  60  0  30  0  0  0  0  1792  
1920  2031  0  0  60  0  30  0  0  0  0  1920  
1920  0  0  1920  60  0  30  0  0  0  0  0  
1920  0  0  1920  60  0  30  0  0  0  0  1024  
1920  0  0  1920  60  0  30  0  0  0  0  1536  
1920  0  0  1920  60  0  30  0  0  0  0  1792  
1920  0  0  1920  60  0  30  0  0  0  0  1920  
1920  2031  0  0  6  0  0  7  0  0  0  0  
1920  2031  0  0  6  0  0  7  0  0  0  1024  
1920  2031  0  0  6  0  0  7  0  0  0  1536  
1920  2031  0  0  6  0  0  7  0  0  0  1792  
1920  2031  0  0  6  0  0  7  0  0  0  1920  
1920  2016  0  0  6  0  0  7  0  0  0  0  
1920  2016  0  0  6  0  0  7  0  0  0  1024  
1920  2016  0  0  6  0  0  7  0  0  0  1536  
1920  2016  0  0  6  0  0  7  0  0  0  1792  
1920  2016  0  0  6  0  0  7  0  0  0  1920  
1920  0  254  0  6  0  0  7  0  0  0  0  
1920  0  254  0  6  0  0  7  0  0  0  1024  
1920  0  254  0  6  0  0  7  0  0  0  1536  
1920  0  254  0  6  0  0  7  0  0  0  1792  
1920  0  254  0  6  0  0  7  0  0  0  1920  
1976  0  0  0  6  0  0  7  0  0  0  0  
1976  0  0  0  6  0  0  7  0  0  0  1024  
1976  0  0  0  6  0  0  7  0  0  0  1536  
1976  0  0  0  6  0  0  7  0  0  0  1792  
1976  0  0  0  6  0  0  7  0  0  0  1920  
1920  15  0  0  6  0  0  7  0  0  0  0  
1920  15  0  0  6  0  0  7  0  0  0  1024  
1920  15  0  0  6  0  0  7  0  0  0  1536  
1920  15  0  0  6  0  0  7  0  0  0  1792  
1920  15  0  0  6  0  0  7  0  0  0  1920  
1920  0  0  0  0  0  0  7  0  0  254  0  
1920  0  0  0  0  0  0  7  0  0  254  1024  
1920  0  0  0  0  0  0  7  0  0  254  1536  
1920  0  0  0  0  0  0  7  0  0  254  1792  
1920  0  0  0  0  0  0  7  0  0  254  1920  
1920  15  0  0  60  0  0  7  0  0  0  0  
1920  15  0  0  60  0  0  7  0  0  0  1024  
1920  15  0  0  60  0  0  7  0  0  0  1536  
1920  15  0  0  60  0  0  7  0  0  0  1792  
1920  15  0  0  60  0  0  7  0  0  0  1920  
1976  0  0  0  60  0  0  7  0  0  0  0  
1976  0  0  0  60  0  0  7  0  0  0  1024  
1976  0  0  0  60  0  0  7  0  0  0  1536  
1976  0  0  0  60  0  0  7  0  0  0  1792  
1976  0  0  0  60  0  0  7  0  0  0  1920  
1920  0  254  0  60  0  0  7  0  0  0  0  
1920  0  254  0  60  0  0  7  0  0  0  1024  
1920  0  254  0  60  0  0  7  0  0  0  1536  
1920  0  254  0  60  0  0  7  0  0  0  1792  
1920  0  254  0  60  0  0  7  0  0  0  1920  
1920  2016  0  0  60  0  0  7  0  0  0  0  
1920  2016  0  0  60  0  0  7  0  0  0  1024  
1920  2016  0  0  60  0  0  7  0  0  0  1536  
1920  2016  0  0  60  0  0  7  0  0  0  1792  
1920  2016  0  0  60  0  0  7  0  0  0  1920  
1920  2031  0  0  60  0  0  7  0  0  0  0  
1920  2031  0  0  60  0  0  7  0  0  0  1024  
1920  2031  0  0  60  0  0  7  0  0  0  1536  
1920  2031  0  0  60  0  0  7  0  0  0  1792  
1920  2031  0  0  60  0  0  7  0  0  0  1920  
1920  0  0  1920  60  0  0  7  0  0  0  0  
1920  0  0  1920  60  0  0  7  0  0  0  1024  
1920  0  0  1920  60  0  0  7  0  0  0  1536  
1920  0  0  1920  60  0  0  7  0  0  0  1792  
1920  0  0  1920  60  0  0  7  0  0  0  1920  
1920  2031  0  0  6  0  1008  0  0  0  0  0  
1920  2031  0  0  6  0  1008  0  0  0  0  1024  
1920  2031  0  0  6  0  1008  0  0  0  0  1536  
1920  2031  0  0  6  0  1008  0  0  0  0  1792  
1920  2031  0  0  6  0  1008  0  0  0  0  1920  
1920  2016  0  0  6  0  1008  0  0  0  0  0  
1920  2016  0  0  6  0  1008  0  0  0  0  1024  
1920  2016  0  0  6  0  1008  0  0  0  0  1536  
1920  2016  0  0  6  0  1008  0  0  0  0  1792  
1920  2016  0  0  6  0  1008  0  0  0  0  1920  
1920  0  254  0  6  0  1008  0  0  0  0  0  
1920  0  254  0  6  0  1008  0  0  0  0  1024  
1920  0  254  0  6  0  1008  0  0  0  0  1536  
1920  0  254  0  6  0  1008  0  0  0  0  1792  
1920  0  254  0  6  0  1008  0  0  0  0  1920  
1976  0  0  0  6  0  1008  0  0  0  0  0  
1976  0  0  0  6  0  1008  0  0  0  0  1024  
1976  0  0  0  6  0  1008  0  0  0  0  1536  
1976  0  0  0  6  0  1008  0  0  0  0  1792  
1976  0  0  0  6  0  1008  0  0  0  0  1920  
1920  15  0  0  6  0  1008  0  0  0  0  0  
1920  15  0  0  6  0  1008  0  0  0  0  1024  
1920  15  0  0  6  0  1008  0  0  0  0  1536  
1920  15  0  0  6  0  1008  0  0  0  0  1792  
1920  15  0  0  6  0  1008  0  0  0  0  1920  
1920  0  0  0  0  0  1008  0  0  0  254  0  
1920  0  0  0  0  0  1008  0  0  0  254  1024  
1920  0  0  0  0  0  1008  0  0  0  254  1536  
1920  0  0  0  0  0  1008  0  0  0  254  1792  
1920  0  0  0  0  0  1008  0  0  0  254  1920  
1920  15  0  0  60  0  1008  0  0  0  0  0  
1920  15  0  0  60  0  1008  0  0  0  0  1024  
1920  15  0  0  60  0  1008  0  0  0  0  1536  
1920  15  0  0  60  0  1008  0  0  0  0  1792  
1920  15  0  0  60  0  1008  0  0  0  0  1920  
1976  0  0  0  60  0  1008  0  0  0  0  0  
1976  0  0  0  60  0  1008  0  0  0  0  1024  
1976  0  0  0  60  0  1008  0  0  0  0  1536  
1976  0  0  0  60  0  1008  0  0  0  0  1792  
1976  0  0  0  60  0  1008  0  0  0  0  1920  
1920  0  254  0  60  0  1008  0  0  0  0  0  
1920  0  254  0  60  0  1008  0  0  0  0  1024  
1920  0  254  0  60  0  1008  0  0  0  0  1536  
1920  0  254  0  60  0  1008  0  0  0  0  1792  
1920  0  254  0  60  0  1008  0  0  0  0  1920  
1920  2016  0  0  60  0  1008  0  0  0  0  0  
1920  2016  0  0  60  0  1008  0  0  0  0  1024  
1920  2016  0  0  60  0  1008  0  0  0  0  1536  
1920  2016  0  0  60  0  1008  0  0  0  0  1792  
1920  2016  0  0  60  0  1008  0  0  0  0  1920  
1920  2031  0  0  60  0  1008  0  0  0  0  0  
1920  2031  0  0  60  0  1008  0  0  0  0  1024  
1920  2031  0  0  60  0  1008  0  0  0  0  1536  
1920  2031  0  0  60  0  1008  0  0  0  0  1792  
1920  2031  0  0  60  0  1008  0  0  0  0  1920  
1920  0  0  1920  60  0  1008  0  0  0  0  0  
1920  0  0  1920  60  0  1008  0  0  0  0  1024  
1920  0  0  1920  60  0  1008  0  0  0  0  1536  
1920  0  0  1920  60  0  1008  0  0  0  0  1792  
1920  0  0  1920  60  0  1008  0  0  0  0  1920  
1920  2031  0  0  6  0  0  0  2016  0  0  0  
1920  2031  0  0  6  0  0  0  2016  0  0  1024  
1920  2031  0  0  6  0  0  0  2016  0  0  1536  
1920  2031  0  0  6  0  0  0  2016  0  0  1792  
1920  2031  0  0  6  0  0  0  2016  0  0  1920  
1920  2016  0  0  6  0  0  0  2016  0  0  0  
1920  2016  0  0  6  0  0  0  2016  0  0  1024  
1920  2016  0  0  6  0  0  0  2016  0  0  1536  
1920  2016  0  0  6  0  0  0  2016  0  0  1792  
1920  2016  0  0  6  0  0  0  2016  0  0  1920  
1920  0  254  0  6  0  0  0  2016  0  0  0  
1920  0  254  0  6  0  0  0  2016  0  0  1024  
1920  0  254  0  6  0  0  0  2016  0  0  1536  
1920  0  254  0  6  0  0  0  2016  0  0  1792  
1920  0  254  0  6  0  0  0  2016  0  0  1920  
1976  0  0  0  6  0  0  0  2016  0  0  0  
1976  0  0  0  6  0  0  0  2016  0  0  1024  
1976  0  0  0  6  0  0  0  2016  0  0  1536  
1976  0  0  0  6  0  0  0  2016  0  0  1792  
1976  0  0  0  6  0  0  0  2016  0  0  1920  
1920  15  0  0  6  0  0  0  2016  0  0  0  
1920  15  0  0  6  0  0  0  2016  0  0  1024  
1920  15  0  0  6  0  0  0  2016  0  0  1536  
1920  15  0  0  6  0  0  0  2016  0  0  1792  
1920  15  0  0  6  0  0  0  2016  0  0  1920  
